          [38;2;37;200;18mx[38;2;92;255;92m0%[38;2;37;200;18mX[0m
         [38;2;20;110;10m)[38;2;92;255;92m88&[38;2;37;200;18mc    [38;2;20;110;10m}[38;2;37;200;18mem[38;2;92;255;92mM#[38;2;37;200;18me[0m
         [38;2;92;255;92m%$@[38;2;37;200;18mc  wJJze[38;2;92;255;92m#BB[38;2;37;200;18mz[0m
        [38;2;37;200;18me[38;2;92;255;92m&8[38;2;37;200;18mra[38;2;92;255;92mBM[38;2;37;200;18mse[38;2;92;255;92m%$@#W[38;2;37;200;18mX[0m
       [38;2;37;200;18mx[38;2;92;255;92m0@0BB%W$$[38;2;37;200;18moQz[38;2;20;110;10m}[0m
  [38;2;20;110;10m)[38;2;37;200;18mv[38;2;92;255;92mW&#W$B$8%[38;2;37;200;18mu[38;2;20;110;10m[[0m
  [38;2;37;200;18mn[38;2;92;255;92m0B@@$$M[38;2;37;200;18mzX[38;2;20;110;10m>[0m
 [38;2;20;110;10m/[38;2;92;255;92mB&W@W[38;2;37;200;18mxoa[38;2;92;255;92m&%[38;2;37;200;18mm[38;2;20;110;10m([0m
 [38;2;37;200;18mu[38;2;92;255;92m%#@&&B00$@WMW@[38;2;37;200;18mJcnaXX[38;2;92;255;92m%$0$[38;2;37;200;18mmQ[0m
 [38;2;37;200;18mu[38;2;92;255;92m###BW$#WW[38;2;37;200;18mw[38;2;92;255;92mM$@M@@%&W&@8WW8$%@[38;2;37;200;18ms[0m
   [38;2;37;200;18mX[38;2;92;255;92m0%[38;2;37;200;18mJ[38;2;20;110;10m[([38;2;37;200;18mw[38;2;92;255;92m&M%W$&&MB80W0WW8&&W#W[38;2;37;200;18mr[0m
       [38;2;20;110;10m=[38;2;37;200;18mm[38;2;92;255;92m8##8MM$$WB@00$&80WW8#&$[38;2;37;200;18mv[0m
      [38;2;37;200;18mwzm[38;2;92;255;92m&8#08MB[38;2;37;200;18mXn[38;2;92;255;92mMM#0@MMB%WB&BB[38;2;37;200;18maz[0m
      [38;2;37;200;18mJQeseQoxzssc[38;2;92;255;92mM[38;2;37;200;18mmum[38;2;92;255;92m#@%B8&$&@0[38;2;37;200;18mzu[0m
         [38;2;37;200;18munc[38;2;20;110;10m/  [38;2;37;200;18mXX[38;2;92;255;92m%$8@@&BM&W0W&%$[38;2;37;200;18mX[38;2;20;110;10m~[0m
            [38;2;20;110;10m=  }[38;2;37;200;18mz[38;2;92;255;92m08W%8##0##8[38;2;37;200;18muZmZr[38;2;20;110;10m([38;2;37;200;18mua[38;2;20;110;10m([0m
                 [38;2;37;200;18mcvocaZXwaQcXre[38;2;20;110;10m<([38;2;37;200;18mZ[38;2;92;255;92mMW[38;2;37;200;18mr[0m
         [38;2;20;110;10m}(        /[38;2;37;200;18maZZve[38;2;20;110;10m/;~ =[38;2;37;200;18mJ[38;2;20;110;10m|[38;2;37;200;18mx[38;2;92;255;92m8&[38;2;37;200;18mu[0m
        [38;2;37;200;18mZ[38;2;92;255;92m8&[38;2;37;200;18mcr[38;2;20;110;10m}^      ]!    ~   :[38;2;37;200;18mr[38;2;20;110;10m][0m
              [38;2;37;200;18mQwxo[0m
